00
0000
01
0120
0123
02
0248
03
0369
04
0456
05
0523
06
0612
07
0745
08
0864
09
0915
10
1000
1004
1010
1012
11
1100
1111
1115
1122
1125
12
1212
1221
1230
1233
1234
13
1313
1337
1342
1357
14
1478
1492
15
1500
1598
16
1623
17
1717
18
1818
19
1920
1986
1992
1994
1995
1996
1998
1999
20
2000
2001
2002
2004
2015
2016
2017
2018
2019
2020
2021
2022
2023
2024
21
2100
2121
2134
22
2211
2222
2223
2233
2244
2255
23
2323
2378
24
2424
2468
25
2525
2555
2569
2580
2589
26
2626
2678
2684
27
2727
2739
2777
28
2828
29
2929
2987
30
3000
3012
3030
31
3110
3113
3131
32
3210
3224
3256
33
3310
3311
3322
3333
3344
34
3434
35
3535
36
3636
37
3737
38
3838
39
3939
40
4000
41
4114
4141
42
4225
43
4321
4322
44
4422
4444
45
4545
46
4646
47
4747
48
4848
49
4949
50
5000
51
5115
52
5226
53
5337
54
5432
55
5555
56
5656
57
5757
58
5858
59
5959
60
6000
61
6116
62
6227
63
6338
64
6446
65
6543
66
6666
67
6767
68
6868
69
6969
70
7000
71
7117
72
7228
73
7339
74
7447
75
7557
76
7654
77
7777
78
7878
79
7987
80
8000
81
8118
82
8229
83
8349
84
8458
85
8568
86
8675
87
8765
88
8888
89
8989
90
9000
91
9119
92
9220
93
9339
94
9449
95
9559
96
9669
97
9779
98
9876
99
9999
