0000
0123
0248
0369
0456
0523
0612
0745
0864
0915
1004
1111
1234
1357
1478
1500
1598
1623
1717
1818
1920
2000
2100
2211
2323
2424
2525
2626
2727
2828
2929
3000
3113
3224
3333
3434
3535
3636
3737
3838
3939
4000
4114
4225
4321
4422
4545
4646
4747
4848
4949
5000
5115
5226
5337
5432
5555
5656
5757
5858
5959
6000
6116
6227
6338
6446
6543
6666
6767
6868
6969
7000
7117
7228
7339
7447
7557
7654
7777
7878
7987
8000
8118
8229
8349
8458
8568
8675
8765
8888
8989
9000
9119
9220
9339
9449
9559
9669
9779
9876
9999
